3-Dim.:
n	alpha		delta
1	1.456029925630	1.67E-01
2	1.751769133337	2.41E-03
3	1.747041564520	2.99E-04
4	1.747721109631	8.96E-05
5	1.747500502341	3.67E-05
6	1.747595516885	1.77E-05
7	1.747547900014	9.55E-06
8	1.747574381726	5.60E-06
9	1.747558484264	3.50E-06
10	1.747568603772	2.29E-06
11	1.747561856286	1.57E-06
12	1.747566528112	1.11E-06
13	1.747563190868	8.03E-07
14	1.747565638291	5.97E-07
15	1.747563802667	4.53E-07
16	1.747565206410	3.50E-07
17	1.747564114592	2.75E-07
18	1.747564976564	2.19E-07
19	1.747564286981	1.76E-07
20	1.747564845218	1.43E-07
21	1.747564388476	1.18E-07
22	1.747564765786	9.79E-08
23	1.747564451360	8.20E-08
24	1.747564715479	6.92E-08
25	1.747564491993	5.87E-08
26	1.747564682370	5.02E-08
27	1.747564519190	4.32E-08
28	1.747564659863	3.73E-08
29	1.747564537946	3.24E-08
30	1.747564644132	2.83E-08
31	1.747564551219	2.48E-08
32	1.747564632870	2.19E-08
33	1.747564560825	1.93E-08
34	1.747564624636	1.72E-08
35	1.747564567915	1.53E-08
36	1.747564618504	1.37E-08
37	1.747564573240	1.22E-08
38	1.747564613862	1.10E-08
39	1.747564577302	9.92E-09
40	1.747564610295	8.96E-09
41	1.747564580445	8.12E-09
42	1.747564607518	7.37E-09
43	1.747564582906	6.71E-09
44	1.747564605330	6.12E-09
45	1.747564584856	5.59E-09
46	1.747564603588	5.12E-09
47	1.747564586417	4.70E-09
48	1.747564602186	4.32E-09
49	1.747564587678	3.98E-09
50	1.747564601048	3.67E-09
51	1.747564588707	3.39E-09
52	1.747564600117	3.14E-09
53	1.747564589552	2.91E-09
54	1.747564599348	2.70E-09
55	1.747564590252	2.51E-09
56	1.747564598710	2.33E-09
57	1.747564590835	2.17E-09
58	1.747564598176	2.03E-09
59	1.747564591324	1.89E-09
60	1.747564597727	1.77E-09
61	1.747564591737	1.66E-09
62	1.747564597347	1.55E-09
63	1.747564592088	1.46E-09
64	1.747564597023	1.37E-09
65	1.747564592387	1.29E-09
66	1.747564596746	1.21E-09
67	1.747564592644	1.14E-09
68	1.747564596508	1.07E-09
69	1.747564592864	1.01E-09
70	1.747564596303	9.56E-10
71	1.747564593056	9.03E-10
72	1.747564596125	8.54E-10
73	1.747564593221	8.08E-10
74	1.747564595970	7.65E-10
75	1.747564593366	7.25E-10
76	1.747564595835	6.88E-10
77	1.747564593493	6.53E-10
78	1.747564595717	6.20E-10
79	1.747564593604	5.89E-10
80	1.747564595612	5.60E-10
81	1.747564593702	5.33E-10
82	1.747564595520	5.08E-10
83	1.747564593789	4.83E-10
84	1.747564595439	4.61E-10
85	1.747564593865	4.39E-10
86	1.747564595366	4.20E-10
87	1.747564593934	4.00E-10
88	1.747564595302	3.83E-10
89	1.747564593995	3.65E-10
90	1.747564595245	3.50E-10
91	1.747564594049	3.34E-10
92	1.747564595193	3.20E-10
93	1.747564594098	3.06E-10
94	1.747564595147	2.94E-10
95	1.747564594141	2.81E-10
96	1.747564595106	2.70E-10
97	1.747564594181	2.59E-10
98	1.747564595068	2.49E-10
99	1.747564594216	2.39E-10
100	1.747564595034	2.30E-10
101	1.747564594248	2.20E-10
102	1.747564595004	2.12E-10
103	1.747564594277	2.04E-10
104	1.747564594976	1.96E-10
105	1.747564594304	1.89E-10
106	1.747564594951	1.82E-10
107	1.747564594328	1.75E-10
108	1.747564594928	1.69E-10
109	1.747564594349	1.62E-10
110	1.747564594907	1.57E-10
111	1.747564594369	1.51E-10
112	1.747564594888	1.46E-10
113	1.747564594387	1.41E-10
114	1.747564594871	1.36E-10
115	1.747564594404	1.31E-10
116	1.747564594855	1.27E-10
117	1.747564594419	1.22E-10
118	1.747564594840	1.18E-10
119	1.747564594433	1.14E-10
120	1.747564594826	1.11E-10
121	1.747564594446	1.07E-10
122	1.747564594814	1.04E-10
123	1.747564594458	1.00E-10
124	1.747564594803	9.70E-11
125	1.747564594469	9.40E-11
126	1.747564594792	9.10E-11
127	1.747564594479	8.82E-11
128	1.747564594782	8.54E-11
129	1.747564594488	8.29E-11
130	1.747564594773	8.03E-11
131	1.747564594497	7.80E-11
132	1.747564594765	7.55E-11
133	1.747564594505	7.34E-11
134	1.747564594757	7.11E-11
135	1.747564594512	6.91E-11
136	1.747564594750	6.70E-11
137	1.747564594519	6.52E-11
138	1.747564594744	6.32E-11
139	1.747564594526	6.16E-11
140	1.747564594737	5.96E-11
141	1.747564594532	5.81E-11
142	1.747564594732	5.64E-11
143	1.747564594537	5.49E-11
144	1.747564594726	5.34E-11
145	1.747564594543	5.19E-11
146	1.747564594722	5.06E-11
147	1.747564594547	4.90E-11
148	1.747564594717	4.79E-11
149	1.747564594552	4.65E-11
150	1.747564594712	4.54E-11
151	1.747564594556	4.41E-11
152	1.747564594708	4.30E-11
153	1.747564594560	4.18E-11
154	1.747564594705	4.09E-11
155	1.747564594564	3.96E-11
156	1.747564594701	3.89E-11
157	1.747564594568	3.75E-11
158	1.747564594698	3.70E-11
159	1.747564594571	3.57E-11
160	1.747564594695	3.53E-11
161	1.747564594574	3.39E-11
162	1.747564594692	3.35E-11
163	1.747564594577	3.23E-11
164	1.747564594689	3.19E-11
165	1.747564594580	3.06E-11
166	1.747564594687	3.05E-11
167	1.747564594582	2.92E-11
168	1.747564594684	2.92E-11
169	1.747564594585	2.77E-11
170	1.747564594682	2.79E-11
171	1.747564594587	2.64E-11
172	1.747564594680	2.67E-11
173	1.747564594589	2.51E-11
174	1.747564594678	2.56E-11
175	1.747564594591	2.39E-11
176	1.747564594676	2.45E-11
177	1.747564594593	2.28E-11
178	1.747564594674	2.34E-11
179	1.747564594595	2.18E-11
180	1.747564594672	2.24E-11
181	1.747564594597	2.08E-11
182	1.747564594671	2.14E-11
183	1.747564594598	1.99E-11
184	1.747564594669	2.06E-11
185	1.747564594600	1.90E-11
186	1.747564594668	1.98E-11
187	1.747564594601	1.82E-11
188	1.747564594666	1.90E-11
189	1.747564594603	1.74E-11
190	1.747564594665	1.82E-11
191	1.747564594604	1.67E-11
192	1.747564594664	1.75E-11
193	1.747564594605	1.59E-11
194	1.747564594663	1.68E-11
195	1.747564594607	1.52E-11
196	1.747564594662	1.63E-11
197	1.747564594608	1.45E-11
198	1.747564594661	1.57E-11
199	1.747564594609	1.39E-11
200	1.747564594660	1.51E-11





2-Dim.:
n	alpha		delta
1	1.292893218813	2.60E-01
2	1.606873866660	8.05E-02
3	1.610521811535	7.84E-02
4	1.613509639247	7.67E-02
5	1.614491025405	7.61E-02
6	1.614932546996	7.59E-02
7	1.615157787448	7.58E-02
8	1.615284541498	7.57E-02
9	1.615361235170	7.57E-02
10	1.615410325066	7.56E-02
11	1.615443189406	7.56E-02
12	1.615466013026	7.56E-02
13	1.615482354778	7.56E-02
14	1.615494361270	7.56E-02
15	1.615503379651	7.56E-02
16	1.615510284450	7.56E-02
17	1.615515660219	7.56E-02
18	1.615519907779	7.56E-02
19	1.615523308205	7.56E-02
20	1.615526062566	7.56E-02
21	1.615528317281	7.56E-02
22	1.615530180690	7.56E-02
23	1.615531734123	7.56E-02
24	1.615533039442	7.56E-02
25	1.615534144268	7.56E-02
26	1.615535085659	7.56E-02
27	1.615535892752	7.56E-02
28	1.615536588666	7.55E-02
29	1.615537191902	7.55E-02
30	1.615537717388	7.55E-02
31	1.615538177257	7.55E-02
32	1.615538581440	7.55E-02
33	1.615538938116	7.55E-02
34	1.615539254064	7.55E-02
35	1.615539534936	7.55E-02
36	1.615539785467	7.55E-02
37	1.615540009645	7.55E-02
38	1.615540210847	7.55E-02
39	1.615540391943	7.55E-02
40	1.615540555381	7.55E-02
41	1.615540703263	7.55E-02
42	1.615540837397	7.55E-02
43	1.615540959343	7.55E-02
44	1.615541070455	7.55E-02
45	1.615541171910	7.55E-02
46	1.615541264735	7.55E-02
47	1.615541349828	7.55E-02
48	1.615541427978	7.55E-02
49	1.615541499878	7.55E-02
50	1.615541566141	7.55E-02
51	1.615541627309	7.55E-02
52	1.615541683862	7.55E-02
53	1.615541736228	7.55E-02
54	1.615541784787	7.55E-02
55	1.615541829878	7.55E-02
56	1.615541871806	7.55E-02
57	1.615541910843	7.55E-02
58	1.615541947235	7.55E-02
59	1.615541981201	7.55E-02
60	1.615542012940	7.55E-02
61	1.615542042633	7.55E-02
62	1.615542070440	7.55E-02
63	1.615542096510	7.55E-02
64	1.615542120976	7.55E-02
65	1.615542143960	7.55E-02
66	1.615542165572	7.55E-02
67	1.615542185913	7.55E-02
68	1.615542205075	7.55E-02
69	1.615542223142	7.55E-02
70	1.615542240191	7.55E-02
71	1.615542256294	7.55E-02
72	1.615542271514	7.55E-02
73	1.615542285912	7.55E-02
74	1.615542299542	7.55E-02
75	1.615542312455	7.55E-02
76	1.615542324697	7.55E-02
77	1.615542336311	7.55E-02
78	1.615542347338	7.55E-02
79	1.615542357813	7.55E-02
80	1.615542367771	7.55E-02
81	1.615542377243	7.55E-02
82	1.615542386259	7.55E-02
83	1.615542394846	7.55E-02
84	1.615542403028	7.55E-02
85	1.615542410831	7.55E-02
86	1.615542418274	7.55E-02
87	1.615542425379	7.55E-02
88	1.615542432165	7.55E-02
89	1.615542438649	7.55E-02
90	1.615542444848	7.55E-02
91	1.615542450778	7.55E-02
92	1.615542456453	7.55E-02
93	1.615542461886	7.55E-02
94	1.615542467091	7.55E-02
95	1.615542472079	7.55E-02
96	1.615542476861	7.55E-02
97	1.615542481448	7.55E-02
98	1.615542485849	7.55E-02
99	1.615542490075	7.55E-02
100	1.615542494133	7.55E-02
101	1.615542498032	7.55E-02
102	1.615542501780	7.55E-02
103	1.615542505383	7.55E-02
104	1.615542508850	7.55E-02
105	1.615542512185	7.55E-02
106	1.615542515396	7.55E-02
107	1.615542518488	7.55E-02
108	1.615542521466	7.55E-02
109	1.615542524337	7.55E-02
110	1.615542527103	7.55E-02
111	1.615542529771	7.55E-02
112	1.615542532345	7.55E-02
113	1.615542534828	7.55E-02
114	1.615542537225	7.55E-02
115	1.615542539539	7.55E-02
116	1.615542541774	7.55E-02
117	1.615542543933	7.55E-02
118	1.615542546020	7.55E-02
119	1.615542548037	7.55E-02
120	1.615542549988	7.55E-02
121	1.615542551875	7.55E-02
122	1.615542553700	7.55E-02
123	1.615542555466	7.55E-02
124	1.615542557176	7.55E-02
125	1.615542558831	7.55E-02
126	1.615542560435	7.55E-02
127	1.615542561988	7.55E-02
128	1.615542563493	7.55E-02
129	1.615542564952	7.55E-02
130	1.615542566366	7.55E-02
131	1.615542567738	7.55E-02
132	1.615542569068	7.55E-02
133	1.615542570359	7.55E-02
134	1.615542571611	7.55E-02
135	1.615542572826	7.55E-02
136	1.615542574006	7.55E-02
137	1.615542575152	7.55E-02
138	1.615542576265	7.55E-02
139	1.615542577346	7.55E-02
140	1.615542578396	7.55E-02
141	1.615542579417	7.55E-02
142	1.615542580409	7.55E-02
143	1.615542581374	7.55E-02
144	1.615542582312	7.55E-02
145	1.615542583224	7.55E-02
146	1.615542584111	7.55E-02
147	1.615542584975	7.55E-02
148	1.615542585815	7.55E-02
149	1.615542586633	7.55E-02
150	1.615542587429	7.55E-02
151	1.615542588205	7.55E-02
152	1.615542588960	7.55E-02
153	1.615542589695	7.55E-02
154	1.615542590412	7.55E-02
155	1.615542591110	7.55E-02
156	1.615542591790	7.55E-02
157	1.615542592453	7.55E-02
158	1.615542593100	7.55E-02
159	1.615542593730	7.55E-02
160	1.615542594344	7.55E-02
161	1.615542594944	7.55E-02
162	1.615542595528	7.55E-02
163	1.615542596099	7.55E-02
164	1.615542596655	7.55E-02
165	1.615542597199	7.55E-02
166	1.615542597729	7.55E-02
167	1.615542598246	7.55E-02
168	1.615542598752	7.55E-02
169	1.615542599245	7.55E-02
170	1.615542599727	7.55E-02
171	1.615542600198	7.55E-02
172	1.615542600657	7.55E-02
173	1.615542601107	7.55E-02
174	1.615542601546	7.55E-02
175	1.615542601975	7.55E-02
176	1.615542602394	7.55E-02
177	1.615542602804	7.55E-02
178	1.615542603204	7.55E-02
179	1.615542603596	7.55E-02
180	1.615542603979	7.55E-02
181	1.615542604354	7.55E-02
182	1.615542604721	7.55E-02
183	1.615542605079	7.55E-02
184	1.615542605430	7.55E-02
185	1.615542605773	7.55E-02
186	1.615542606109	7.55E-02
187	1.615542606438	7.55E-02
188	1.615542606760	7.55E-02
189	1.615542607075	7.55E-02
190	1.615542607383	7.55E-02
191	1.615542607685	7.55E-02
192	1.615542607981	7.55E-02
193	1.615542608271	7.55E-02
194	1.615542608554	7.55E-02
195	1.615542608832	7.55E-02
196	1.615542609105	7.55E-02
197	1.615542609371	7.55E-02
198	1.615542609633	7.55E-02
199	1.615542609889	7.55E-02
200	1.615542610140	7.55E-02
