0.220000 0.278466 0.315409 0.341751 0.361496 0.376517 0.387865 0.396186 0.401890 0.405226 0.406325 0.405227 0.401892 0.396188 0.387868 0.376521 0.361499 0.341754 0.315412 0.278468 0.220000
0.220000 0.259541 0.291023 0.315363 0.334171 0.348668 0.359691 0.367808 0.373388 0.376658 0.377737 0.376659 0.373390 0.367810 0.359695 0.348671 0.334175 0.315366 0.291025 0.259542 0.220000
0.220000 0.248675 0.273780 0.294507 0.311160 0.324293 0.334427 0.341968 0.347198 0.350285 0.351307 0.350286 0.347200 0.341971 0.334430 0.324296 0.311163 0.294510 0.273782 0.248676 0.220000
0.220000 0.241380 0.260914 0.277729 0.291668 0.302918 0.311758 0.318442 0.323152 0.325977 0.326922 0.325978 0.323154 0.318444 0.311760 0.302921 0.291671 0.277731 0.260916 0.241381 0.220000
0.220000 0.235932 0.250768 0.263825 0.274866 0.283955 0.291245 0.296890 0.300994 0.303551 0.304427 0.303552 0.300995 0.296892 0.291247 0.283957 0.274869 0.263828 0.250770 0.235933 0.220000
0.220000 0.231581 0.242403 0.251939 0.260018 0.266792 0.272377 0.276881 0.280384 0.282808 0.283683 0.282809 0.280385 0.276883 0.272379 0.266794 0.260020 0.251941 0.242404 0.231582 0.220000
0.220000 0.227990 0.235322 0.241511 0.246474 0.250818 0.254592 0.257875 0.260852 0.263615 0.264689 0.263616 0.260853 0.257876 0.254593 0.250820 0.246475 0.241512 0.235323 0.227990 0.220000
0.220000 0.225056 0.229385 0.232310 0.233550 0.235416 0.237296 0.239177 0.241535 0.246113 0.247844 0.246113 0.241536 0.239177 0.237297 0.235417 0.233551 0.232311 0.229385 0.225056 0.220000
0.220000 0.222850 0.224851 0.224794 0.220000 0.220000 0.220000 0.220000 0.220000 0.231456 0.234462 0.231456 0.220000 0.220000 0.220000 0.220000 0.220000 0.224794 0.224851 0.222850 0.220000
0.220000 0.221494 0.222374 0.222014 0.220000 0.000000 0.000000 0.000000 0.220000 0.225250 0.227091 0.225250 0.220000 0.000000 0.000000 0.000000 0.220000 0.222014 0.222375 0.221494 0.220000
0.220000 0.220750 0.221139 0.220889 0.220000 0.000000 0.000000 0.000000 0.220000 0.222452 0.223404 0.222452 0.220000 0.000000 0.000000 0.000000 0.220000 0.220889 0.221139 0.220750 0.220000
0.220000 0.220367 0.220542 0.220405 0.220000 0.000000 0.000000 0.000000 0.220000 0.221154 0.221619 0.221154 0.220000 0.000000 0.000000 0.000000 0.220000 0.220405 0.220542 0.220367 0.220000
0.220000 0.220177 0.220257 0.220187 0.220000 0.000000 0.000000 0.000000 0.220000 0.220544 0.220767 0.220544 0.220000 0.000000 0.000000 0.000000 0.220000 0.220187 0.220257 0.220177 0.220000
0.220000 0.220084 0.220120 0.220087 0.220000 0.000000 0.000000 0.000000 0.220000 0.220255 0.220360 0.220255 0.220000 0.000000 0.000000 0.000000 0.220000 0.220087 0.220120 0.220084 0.220000
0.220000 0.220038 0.220055 0.220039 0.220000 0.000000 0.000000 0.000000 0.220000 0.220116 0.220164 0.220116 0.220000 0.000000 0.000000 0.000000 0.220000 0.220039 0.220055 0.220038 0.220000
0.220000 0.220015 0.220021 0.220015 0.220000 0.000000 0.000000 0.000000 0.220000 0.220045 0.220063 0.220045 0.220000 0.000000 0.000000 0.000000 0.220000 0.220015 0.220021 0.220015 0.220000
0.220000 0.220000 0.220000 0.220000 0.220000 0.000000 0.000000 0.000000 0.220000 0.220000 0.220000 0.220000 0.220000 0.000000 0.000000 0.000000 0.220000 0.220000 0.220000 0.220000 0.220000