0.220000 0.260133 0.286480 0.306018 0.321302 0.333527 0.343369 0.351263 0.357504 0.362298 0.365787 0.368066 0.369192 0.369192 0.368067 0.365789 0.362301 0.357508 0.351267 0.343374 0.333531 0.321306 0.306022 0.286483 0.260135 0.220000
0.220000 0.248027 0.270884 0.289146 0.303833 0.315719 0.325345 0.333091 0.339229 0.343951 0.347393 0.349643 0.350756 0.350757 0.349645 0.347395 0.343954 0.339233 0.333095 0.325349 0.315723 0.303837 0.289150 0.270887 0.248029 0.220000
0.220000 0.241091 0.259885 0.275851 0.289165 0.300171 0.309201 0.316529 0.322371 0.326888 0.330193 0.332361 0.333435 0.333436 0.332362 0.330195 0.326891 0.322375 0.316533 0.309205 0.300175 0.289169 0.275854 0.259887 0.241092 0.220000
0.220000 0.236453 0.251714 0.265207 0.276807 0.286602 0.294760 0.301455 0.306841 0.311037 0.314131 0.316173 0.317190 0.317190 0.316174 0.314133 0.311040 0.306844 0.301459 0.294764 0.286606 0.276810 0.265210 0.251716 0.236454 0.220000
0.220000 0.233006 0.245311 0.256459 0.266253 0.274671 0.281783 0.287692 0.292500 0.296292 0.299121 0.301012 0.301962 0.301962 0.301013 0.299123 0.296294 0.292503 0.287695 0.281786 0.274675 0.266257 0.256462 0.245313 0.233007 0.220000
0.220000 0.230262 0.240065 0.249065 0.257077 0.264048 0.270010 0.275030 0.279178 0.282509 0.285052 0.286794 0.287685 0.287686 0.286795 0.285054 0.282512 0.279181 0.275033 0.270013 0.264051 0.257080 0.249068 0.240066 0.230263 0.220000
0.220000 0.227978 0.235620 0.242661 0.248944 0.254433 0.259180 0.263242 0.266673 0.269517 0.271786 0.273428 0.274301 0.274301 0.273429 0.271787 0.269518 0.266675 0.263244 0.259182 0.254435 0.248946 0.242663 0.235622 0.227979 0.220000
0.220000 0.226030 0.231779 0.237014 0.241605 0.245562 0.249035 0.252086 0.254758 0.257099 0.259147 0.260834 0.261789 0.261789 0.260834 0.259148 0.257100 0.254759 0.252088 0.249037 0.245563 0.241606 0.237016 0.231780 0.226031 0.220000
0.220000 0.224364 0.228450 0.232013 0.234899 0.237175 0.239312 0.241311 0.243173 0.244974 0.246871 0.248971 0.250234 0.250234 0.248971 0.246872 0.244975 0.243174 0.241312 0.239313 0.237176 0.234900 0.232014 0.228451 0.224364 0.220000
0.220000 0.222976 0.225644 0.227689 0.228804 0.228927 0.229728 0.230672 0.231650 0.232754 0.234393 0.237946 0.239941 0.239942 0.237946 0.234393 0.232755 0.231650 0.230673 0.229728 0.228927 0.228805 0.227689 0.225645 0.222976 0.220000
0.220000 0.221896 0.223462 0.224293 0.223704 0.220000 0.220000 0.220000 0.220000 0.220000 0.220000 0.228478 0.231645 0.231646 0.228478 0.220000 0.220000 0.220000 0.220000 0.220000 0.220000 0.223704 0.224293 0.223462 0.221896 0.220000
0.220000 0.221144 0.222016 0.222318 0.221718 0.220000 0.000000 0.000000 0.000000 0.000000 0.220000 0.224320 0.226517 0.226517 0.224320 0.220000 0.000000 0.000000 0.000000 0.000000 0.220000 0.221718 0.222318 0.222016 0.221144 0.220000
0.220000 0.220665 0.221140 0.221244 0.220850 0.220000 0.000000 0.000000 0.000000 0.000000 0.220000 0.222283 0.223587 0.223587 0.222284 0.220000 0.000000 0.000000 0.000000 0.000000 0.220000 0.220850 0.221244 0.221140 0.220665 0.220000
0.220000 0.220377 0.220634 0.220669 0.220437 0.220000 0.000000 0.000000 0.000000 0.000000 0.220000 0.221227 0.221961 0.221961 0.221227 0.220000 0.000000 0.000000 0.000000 0.000000 0.220000 0.220437 0.220669 0.220634 0.220378 0.220000
0.220000 0.220211 0.220349 0.220361 0.220230 0.220000 0.000000 0.000000 0.000000 0.000000 0.220000 0.220664 0.221069 0.221069 0.220664 0.220000 0.000000 0.000000 0.000000 0.000000 0.220000 0.220230 0.220361 0.220349 0.220211 0.220000
0.220000 0.220116 0.220191 0.220195 0.220123 0.220000 0.000000 0.000000 0.000000 0.000000 0.220000 0.220360 0.220581 0.220581 0.220360 0.220000 0.000000 0.000000 0.000000 0.000000 0.220000 0.220123 0.220195 0.220191 0.220116 0.220000
0.220000 0.220064 0.220104 0.220105 0.220066 0.220000 0.000000 0.000000 0.000000 0.000000 0.220000 0.220195 0.220315 0.220315 0.220195 0.220000 0.000000 0.000000 0.000000 0.000000 0.220000 0.220066 0.220105 0.220104 0.220064 0.220000
0.220000 0.220034 0.220056 0.220056 0.220035 0.220000 0.000000 0.000000 0.000000 0.000000 0.220000 0.220104 0.220168 0.220168 0.220104 0.220000 0.000000 0.000000 0.000000 0.000000 0.220000 0.220035 0.220056 0.220056 0.220034 0.220000
0.220000 0.220017 0.220028 0.220029 0.220018 0.220000 0.000000 0.000000 0.000000 0.000000 0.220000 0.220053 0.220086 0.220086 0.220053 0.220000 0.000000 0.000000 0.000000 0.000000 0.220000 0.220018 0.220029 0.220028 0.220017 0.220000
0.220000 0.220007 0.220012 0.220012 0.220007 0.220000 0.000000 0.000000 0.000000 0.000000 0.220000 0.220022 0.220036 0.220036 0.220022 0.220000 0.000000 0.000000 0.000000 0.000000 0.220000 0.220007 0.220012 0.220012 0.220007 0.220000
0.220000 0.220000 0.220000 0.220000 0.220000 0.220000 0.000000 0.000000 0.000000 0.000000 0.220000 0.220000 0.220000 0.220000 0.220000 0.220000 0.000000 0.000000 0.000000 0.000000 0.220000 0.220000 0.220000 0.220000 0.220000 0.220000